438
428
537
482
491
442
224
360
454
450
358
502
229
394
306
534
268
291
352
513
465
474
153
477
350
296
427
301
252
293
2003
161
251
307
347
498
521
285
529
469
445
492
499
435
504
404
361
538
403
265
479
440
260
489
467
396
490
497
300
223
487
116
128
368
432
236
536
468
366
310
478
380
518
422
335
407
410
387
426
232
264
363
455
453
284
263
295
336
212
388
461
444
505
312
325
305
331
511
318
294
476
379
526
527
417
261
341
173
459
327
281
250
316
309
2009
463
302
340
351
528
514
488
2000
495
486
500
458
385
523
472
266
493
423
546
533
174
267
290
522
405
164
510
346
195
355
329
334
168
280
457
362
2004
462
359
2017
402
475
367
433
496
79
483
460
539
519
484
271
242
342
517
447
237
228
72
356
449
520
515
167
516
147
259
456
151
436
330
326
345
137
319
238
320
415
311
434
382
308
391
257
383
507
3002
509
2012
393
545
375
540
466
416
243
276
525
464
512
328
480
315
278
430
2010
470
317
501
152
303
377
241
337
411
270
239
400
357
503
349
2021
401
249
406
233
369
217
414
2022
485
2023
384
262
244
344
365
530
225
446
2002
390
420
119
412
304
160
324
494
439
157
143
314
247
274
150
354
120
289
146
248
245
332
473
83
2008
258
408
448
395
279
386
2001
392
437
421
254
531
508
372
419
313
389
409
323
348
353
339
144
343
322
399
218
532
2006
321
373
397
481
298
216
364
418
398
431
82
376
297
127
443
275
2005
441
